   0    0
   1    0
   2    0
   3    0
   4    0
   5    0
   7    0
  10    0
  13    0
  15    0
  19    0
  25    0
  31    0
  41    0
  53    0
   0    1
   1    1
   5    1
   8    1
   9    1
  14    1
  16    1
  21    1
  26    1
  34    1
  46    1
   0    2
   1    2
   2    2
   5    2
   6    2
   8    2
  11    2
  12    2
  19    2
  25    2
  33    2
  41    2
  50    2
   0    3
   1    3
   2    3
   4    3
   7    3
  10    3
  14    3
  18    3
  23    3
  33    3
  59    3
   0    4
   5    4
   6    4
  12    4
  19    4
  27    4
  32    4
  41    4
  53    4
  10    5
  11    5
  23    5
  33    5
  41    5
  52    5
   0    6
   1    6
   2    6
   7    6
  28    6
  31    6
  42    6
  51    6
   3    7
   4    7
  10    7
  14    7
  25    7
  39    7
  50    7
   0    8
   1    8
  25    8
  37    8
  55    8
   2    9
   4    9
   8    9
  17    9
  27    9
  36    9
  44    9
  52    9
   9   10
  22   10
  24   10
  37   10
  55   10
   0   11
   1   11
   4   11
   9   11
  14   11
  16   11
  19   11
  25   11
  34   11
  46   11
   2   12
   8   12
  23   12
  32   12
  46   12
   1   13
   5   13
  13   13
  15   13
  21   13
  24   13
  27   13
  42   13
   0   14
   3   14
  10   14
  19   14
  26   14
  34   14
  49   14
   1   15
   2   15
   7   15
   9   15
  10   15
  17   15
  20   15
  35   15
  40   15
  46   15
  59   15
  28   16
  42   16
   6   17
   8   17
   0   18
  18   18
  26   18
  47   18
   0   19
   5   19
  30   19
  47   19
   2   20
   3   20
  12   20
  45   20
  47   20
  20   21
  50   21
   1   22
   9   22
  10   22
  11   22
  35   22
   5   23
  12   23
  22   23
  33   23
  44   23
  49   23
   0   24
  14   24
  27   24
  39   24
  57   24
   7   25
  15   25
  19   25
  50   25
   4   26
   5   26
   8   26
  20   26
  28   26
  29   26
  43   26
   9   27
  17   27
  47   27
  24   28
  53   28
  11   29
  18   29
  36   29
  46   29
  56   29
   0   30
   4   30
   9   30
  13   30
  16   30
  17   30
  46   30
   1   31
   6   31
  12   31
  47   31
  54   31
  12   32
  22   32
  30   32
  10   33
  37   33
  43   33
  45   33
   2   34
  58   34
   8   35
  15   35
  22   35
   9   36
  19   36
  34   36
  40   36
  52   36
   7   37
  32   37
   9   38
  51   39
   4   40
  11   40
  32   40
  55   40
   1   41
   5   41
  16   41
  20   41
   0   42
  14   42
  18   42
  40   42
   6   43
  12   43
  13   43
  27   43
   2   44
   3   44
  15   44
  21   44
  44   44
  23   45
  10   46
  53   46
  56   46
   7   47
   8   47
  26   47
  35   48
  41   49
   9   50
  58   50
   0   51
  32   51
  37   51
  14   53
  22   53
  36   53
  13   54
  30   54
  51   54
   1   55
  19   55
  28   55
  30   55
  57   55
   5   56
   6   56
  43   56
   3   57
  13   57
  25   57
  35   57
  18   58
  21   58
   4   59
   7   59
  12   59
  29   59
  32   59
  46   59